24.02745699	6.220502024	0.00E+00
5.023412159	2.749466106	0.00E+00
7.632466337	14.5125124	0.00E+00
9.085796126	20.63273474	0.00E+00
4.097587648	4.43957904	0.00E+00
19.1535345	20.28895251	0.00E+00
11.80896125	11.94221767	0.00E+00
1.272890504	5.041817586	0.00E+00
2.268909405	5.973724455	0.00E+00
0.779771183	8.590948732	0.00E+00
27.46645953	17.58238862	0.00E+00
28.39148772	21.35356881	0.00E+00
22.91020111	18.66317886	0.00E+00
22.82770085	8.970965673	0.00E+00
20.98269231	11.56488443	0.00E+00
6.927671708	13.99386076	0.00E+00
19.70049966	8.691324762	0.00E+00
21.92619688	17.12428657	0.00E+00
20.05594253	17.3691931	0.00E+00
6.989034457	16.98414408	0.00E+00
24.96853643	12.57990384	0.00E+00
15.01425801	5.526633468	0.00E+00
28.90063669	12.51160042	0.00E+00
29.07640336	12.92356522	0.00E+00
16.95857419	7.556991965	0.00E+00
24.32927119	19.24412686	0.00E+00
-3.1310856	-0.979679916	0.00E+00
22.00125031	10.63672005	0.00E+00
21.17472085	6.454430469	0.00E+00
6.959925541	20.26656974	0.00E+00
28.35370018	18.00035978	0.00E+00
6.843322908	15.45576182	0.00E+00
26.84283382	20.72355313	0.00E+00
25.70266668	17.43175305	0.00E+00
6.995112994	20.97136021	0.00E+00
8.882313569	3.738100907	0.00E+00
23.71094788	10.65468523	0.00E+00
26.2003347	15.79446474	0.00E+00
15.58683645	7.561838843	0.00E+00
12.84383504	6.279273424	0.00E+00
5.97477982	14.09610095	0.00E+00
21.11362703	9.808507534	0.00E+00
12.27742938	7.780893626	0.00E+00
17.07443654	13.42226978	0.00E+00
7.468945444	7.835432832	0.00E+00
15.12023611	10.16614421	0.00E+00
5.148157938	6.05540066	0.00E+00
24.85011378	20.64668365	0.00E+00
9.326813171	11.48588216	0.00E+00
-3.160655432	-1.035567495	0.00E+00
23.2026719	12.98156535	0.00E+00
18.87477851	19.64847743	0.00E+00
8.359539548	8.854427599	0.00E+00
22.30567198	14.01311096	0.00E+00
29.39710606	18.71312465	0.00E+00
17.79714477	9.916082706	0.00E+00
19.31979526	8.841861634	0.00E+00
13.86497401	6.815300239	0.00E+00
6.886702819	9.340661304	0.00E+00
8.949333727	19.45198585	0.00E+00
15.67045021	6.314081215	0.00E+00
7.17570537	5.918108179	0.00E+00
14.07563598	5.947542068	0.00E+00
26.92692531	16.20243497	0.00E+00
23.99190951	8.331529005	0.00E+00
8.604916433	18.68985729	0.00E+00
22.10533429	15.75308611	0.00E+00
29.3686526	17.65072947	0.00E+00
7.707436019	10.93068597	0.00E+00
23.15361939	11.34922443	0.00E+00
29.55485859	20.53286408	0.00E+00
5.160042725	2.453985907	0.00E+00
26.34937346	17.84233851	0.00E+00
29.23971334	16.76203023	0.00E+00
23.95175211	9.451346409	0.00E+00
24.75237079	14.83991771	0.00E+00
6.219938148	10.0985471	0.00E+00
6.571387293	7.109060949	0.00E+00
21.82014501	11.79381172	0.00E+00
15.47262103	10.24707707	0.00E+00
3.240394409	16.42597042	0.00E+00
11.10177465	6.760818912	0.00E+00
22.94412348	13.72723794	0.00E+00
2.865981565	5.68534528	0.00E+00
5.394897852	9.80143501	0.00E+00
24.31387194	19.41023634	0.00E+00
18.99442742	19.85663241	0.00E+00
27.22371179	20.9382656	0.00E+00
22.59863068	17.98989426	0.00E+00
22.25981103	7.591881158	0.00E+00
11.51329358	9.80220608	0.00E+00
6.914699194	6.001595721	0.00E+00
17.42021268	14.37929085	0.00E+00
21.29261193	14.75065445	0.00E+00
3.300735953	5.204871956	0.00E+00
15.13359846	9.401636454	0.00E+00
16.67730333	9.279296881	0.00E+00
18.06333811	5.817121711	0.00E+00
24.55724353	21.72932477	0.00E+00
7.233723163	8.333564957	0.00E+00
-13.29156846	-26.47946617	1.00E+00
3.543656146	-6.08325206	1.00E+00
-9.553750583	-30.69200927	1.00E+00
-2.664963791	-23.49673416	1.00E+00
-8.734052827	-11.34041991	1.00E+00
-0.057111477	-3.9277105	1.00E+00
-1.242917442	-5.471898263	1.00E+00
-10.4575195	-8.783632737	1.00E+00
-22.58032549	-28.67697633	1.00E+00
-19.57332622	-19.1891703	1.00E+00
11.06887791	9.363745673	1.00E+00
-7.27348028	-11.48935062	1.00E+00
-5.268482811	-12.01210115	1.00E+00
-23.98308516	-30.69614413	1.00E+00
-0.856716409	-14.89780152	1.00E+00
2.239542081	-15.20317898	1.00E+00
-4.335124404	-20.23615409	1.00E+00
-7.80919998	-17.61362389	1.00E+00
-19.94012295	-29.08660812	1.00E+00
-16.12134147	-15.60664286	1.00E+00
-0.325563362	-3.896157739	1.00E+00
14.87987815	-7.316445018	1.00E+00
-15.80153644	-18.15537944	1.00E+00
-9.974446545	-27.61394358	1.00E+00
-8.310195195	-18.90268189	1.00E+00
-9.281022838	-22.76301747	1.00E+00
19.99040695	10.81047853	1.00E+00
-7.716420465	-16.42817157	1.00E+00
2.356146609	-6.983137013	1.00E+00
-3.888075082	-13.38090191	1.00E+00
-6.770809285	-14.33988758	1.00E+00
-9.921044864	-8.858240873	1.00E+00
-14.78739174	-24.22020059	1.00E+00
-13.12962241	-22.85666345	1.00E+00
-3.625898643	-22.17219628	1.00E+00
-23.67674598	-28.15187444	1.00E+00
5.626860043	-19.28342812	1.00E+00
-1.341211865	-11.06093176	1.00E+00
-5.989403338	-25.71692756	1.00E+00
-5.495323121	-8.454384144	1.00E+00
-24.33059202	-13.59788875	1.00E+00
-17.47426578	-17.23768022	1.00E+00
-7.67703392	-25.39053366	1.00E+00
2.804218973	-5.942738489	1.00E+00
-4.969094918	-12.0933888	1.00E+00
-8.955757756	-16.11106435	1.00E+00
-20.02362388	-13.37223183	1.00E+00
0.761258482	-21.56363588	1.00E+00
-7.382156168	-22.14910275	1.00E+00
-18.25607606	-15.40886118	1.00E+00
-18.60216869	-17.73575175	1.00E+00
-17.86034835	-22.66073005	1.00E+00
-10.7322562	-23.91951372	1.00E+00
0.214064221	-20.4051928	1.00E+00
-9.093305083	-21.12849543	1.00E+00
-8.506897649	-24.84734357	1.00E+00
-11.18815153	-21.21491621	1.00E+00
-6.965735556	-23.52931894	1.00E+00
-3.397303665	-19.53302363	1.00E+00
-11.17019533	-15.70071208	1.00E+00
-12.41711	-29.14828786	1.00E+00
-10.09384999	-13.0096362	1.00E+00
-12.59721534	-24.94874107	1.00E+00
14.88277753	-7.307260042	1.00E+00
-15.38961989	-23.68689779	1.00E+00
-2.520674032	-12.6440796	1.00E+00
-5.552126463	-21.74604352	1.00E+00
-5.294655347	-19.03021888	1.00E+00
-11.63168871	-14.73513271	1.00E+00
-17.24674395	-31.26643646	1.00E+00
-17.79778955	-25.8398318	1.00E+00
-6.625315577	-22.03228863	1.00E+00
-14.49076966	-13.81830779	1.00E+00
5.464376223	21.87998601	1.00E+00
-12.85901384	-17.02127294	1.00E+00
-10.85300212	-20.77468875	1.00E+00
1.169044255	1.787000522	1.00E+00
-21.66459937	-19.53378638	1.00E+00
-19.6442055	-24.88943499	1.00E+00
-7.391599036	-20.75406931	1.00E+00
-5.816406111	-21.01251069	1.00E+00
-14.79185675	-30.52393803	1.00E+00
-1.878380926	-15.59859957	1.00E+00
-14.55647724	-27.40215324	1.00E+00
-13.69305746	-12.76288161	1.00E+00
-19.04748136	-16.97725466	1.00E+00
-5.102136915	-18.80395694	1.00E+00
-9.523734427	-27.06797572	1.00E+00
-20.01041184	-19.93420728	1.00E+00
-16.26617851	-21.1511285	1.00E+00
-15.9358938	-12.58440617	1.00E+00
-22.91277423	-19.44098027	1.00E+00
2.13208008	-15.91656738	1.00E+00
-4.073482108	-21.20251867	1.00E+00
-17.83607499	-29.20033599	1.00E+00
-16.67936923	-12.83757183	1.00E+00
-11.18876178	-7.64256141	1.00E+00
-17.28236139	-28.70454803	1.00E+00
-2.284846754	-20.80260708	1.00E+00
-17.1932071	-30.83650696	1.00E+00
-18.54759877	-11.90035766	2.00E+00
-20.34525311	9.051834154	2.00E+00
-3.009323385	-9.480983406	2.00E+00
-2.632443323	13.36745312	2.00E+00
-7.319678329	14.32190981	2.00E+00
-22.26756439	12.82834906	2.00E+00
-3.978926655	7.075609614	2.00E+00
-14.00083493	16.13934338	2.00E+00
-21.23476913	13.29023128	2.00E+00
-15.35765921	11.5672947	2.00E+00
-10.69831213	20.96891294	2.00E+00
13.63541626	-0.387599719	2.00E+00
-15.87902122	-9.195276171	2.00E+00
-10.77251214	14.77843526	2.00E+00
-12.39131207	-4.158947269	2.00E+00
-15.60167251	13.67537248	2.00E+00
-12.66183186	16.56923661	2.00E+00
-14.36289678	-11.31281035	2.00E+00
-16.17980818	23.42678748	2.00E+00
-19.29176916	7.718590295	2.00E+00
-9.299734993	8.310668202	2.00E+00
-7.930948094	14.40858282	2.00E+00
1.251552109	-12.26074193	2.00E+00
-8.985360152	-0.487862409	2.00E+00
-9.356568133	0.193286687	2.00E+00
-16.06796563	17.5490412	2.00E+00
-14.01325909	14.73582154	2.00E+00
-11.69649117	-1.305690229	2.00E+00
-10.27958278	8.469657884	2.00E+00
-15.79324828	-8.777578295	2.00E+00
-6.963789129	10.0455552	2.00E+00
-15.46099748	-5.776695665	2.00E+00
-3.185620412	8.627392637	2.00E+00
-9.838634749	-2.058750983	2.00E+00
-14.03179303	-34.48322086	2.00E+00
-0.730327657	5.05508133	2.00E+00
5.622525646	-12.28506911	2.00E+00
-12.58025462	0.804934571	2.00E+00
-17.470461	-0.202330071	2.00E+00
1.915187381	-18.96026599	2.00E+00
-2.991679468	-7.071344192	2.00E+00
-3.77670585	8.27239342	2.00E+00
-16.16426652	23.39225075	2.00E+00
-8.619272235	15.90394974	2.00E+00
-19.00830107	14.17191745	2.00E+00
-9.26018897	1.364673113	2.00E+00
-11.84448977	15.82567865	2.00E+00
-20.57175293	9.239759634	2.00E+00
-9.508126166	8.517610628	2.00E+00
-15.363955	8.614071654	2.00E+00
-8.409918782	-2.117208337	2.00E+00
-5.809308495	-4.160170335	2.00E+00
-8.225609483	-5.427147679	2.00E+00
-17.18016244	5.49253587	2.00E+00
-14.33759054	5.662423863	2.00E+00
-15.67880122	18.61078029	2.00E+00
-9.787944448	-2.708459908	2.00E+00
-7.859803205	10.20757003	2.00E+00
-5.439775935	19.51486054	2.00E+00
0.347238571	-9.040159449	2.00E+00
-12.15669219	20.84597836	2.00E+00
-14.38046024	5.605248359	2.00E+00
-21.81812543	13.86815647	2.00E+00
-10.36060039	17.12598596	2.00E+00
-14.76309162	-1.132762238	2.00E+00
-7.439516158	10.19082177	2.00E+00
-8.959746862	3.121670082	2.00E+00
-11.35503685	0.345852939	2.00E+00
-3.433214955	19.15064014	2.00E+00
-16.32961664	17.32048205	2.00E+00
-8.965382335	14.17921059	2.00E+00
-7.328711944	-0.062260473	2.00E+00
-9.575312272	-3.541081841	2.00E+00
5.613508404	-12.09284035	2.00E+00
0.25118131	-9.140821221	2.00E+00
16.50942656	4.398233256	2.00E+00
-17.56484053	6.305568844	2.00E+00
-16.19609582	2.56663378	2.00E+00
-16.17526244	-0.585377447	2.00E+00
-14.98908988	19.26281525	2.00E+00
-10.56197817	3.292145947	2.00E+00
-15.57214743	-1.320473725	2.00E+00
-22.08059309	14.65167577	2.00E+00
-11.89923038	18.0481129	2.00E+00
-11.64640266	-4.42304017	2.00E+00
-12.70293728	20.75042135	2.00E+00
-10.11841434	10.55606673	2.00E+00
-13.23163394	-2.708278947	2.00E+00
-18.07489867	12.77361361	2.00E+00
-13.28882429	2.321736301	2.00E+00
-2.321699026	18.57868594	2.00E+00
-6.206977215	-4.27403117	2.00E+00
-17.81241834	14.36577703	2.00E+00
-4.094615421	17.16169	2.00E+00
-7.675340245	-4.916606821	2.00E+00
-11.78523071	15.0059576	2.00E+00
-14.31831388	14.4659685	2.00E+00
-18.17440994	15.15527232	2.00E+00
-12.7270698	17.25206312	2.00E+00
-11.35073894	-0.92697541	2.00E+00
-24.93097288	-28.70034929	3.00E+00
-4.525589999	-16.89068876	3.00E+00
-14.09185717	-25.08706018	3.00E+00
-0.384056877	-17.93756962	3.00E+00
-24.19964348	-29.88604662	3.00E+00
-8.005837419	19.13858365	3.00E+00
-16.32589247	-16.83241242	3.00E+00
-8.432933835	-20.42247179	3.00E+00
-22.88140408	-20.74576121	3.00E+00
-12.80144519	-20.61263485	3.00E+00
-14.6219673	-18.04889319	3.00E+00
-2.495580382	-15.18761952	3.00E+00
-11.4189367	-7.709377453	3.00E+00
-23.63157438	-16.35148842	3.00E+00
-11.75157549	-31.5486706	3.00E+00
-2.507900652	9.20311589	3.00E+00
-25.00023705	-21.03319418	3.00E+00
-9.724112239	-19.994049	3.00E+00
-1.029047226	-13.61788045	3.00E+00
-12.28662336	-15.88129573	3.00E+00
0.436491563	-21.78317577	3.00E+00
-6.55970511	-15.93215869	3.00E+00
8.235589446	-15.92464075	3.00E+00
-14.38071521	-26.77852433	3.00E+00
-5.03524938	-24.40691191	3.00E+00
-9.786630643	-19.06613033	3.00E+00
-18.15105772	-32.09380315	3.00E+00
-5.475484544	-15.66302537	3.00E+00
-11.97131579	-20.0702792	3.00E+00
-9.553955857	-15.01870913	3.00E+00
-9.858260439	-29.5059655	3.00E+00
19.02286435	12.60515174	3.00E+00
-12.00095257	-19.8049588	3.00E+00
7.405538722	-16.93909083	3.00E+00
-18.62875412	-18.51565364	3.00E+00
-20.19312147	-28.89437017	3.00E+00
-21.18557005	-16.40348481	3.00E+00
-18.79013605	-21.22551591	3.00E+00
-16.73007242	-20.90954229	3.00E+00
-25.02058891	-31.58525457	3.00E+00
-14.65272172	-18.29095537	3.00E+00
-16.48694079	-16.37477478	3.00E+00
-21.97537162	-22.94641496	3.00E+00
1.291469508	1.843749661	3.00E+00
-20.69462564	-23.1922384	3.00E+00
-17.32577069	-19.35601298	3.00E+00
-11.21812971	-12.78961543	3.00E+00
-3.066035328	-16.76416586	3.00E+00
-6.152787176	-9.442402763	3.00E+00
-18.67656981	-31.05179999	3.00E+00
-14.87195584	-22.0845438	3.00E+00
5.609860661	-19.2327978	3.00E+00
-2.04482379	-19.64329992	3.00E+00
-1.395664607	-17.46618297	3.00E+00
-15.21609817	-27.4227474	3.00E+00
-22.45522549	-16.94539914	3.00E+00
-7.407845789	-16.45966426	3.00E+00
-14.29907325	-16.1603404	3.00E+00
-5.673661126	-8.798677244	3.00E+00
-15.29681415	8.707634376	3.00E+00
-19.93031479	-23.95439779	3.00E+00
-6.401989403	-26.52723469	3.00E+00
-1.627109996	-14.18214327	3.00E+00
25.42880282	10.72254987	3.00E+00
-24.12283699	-28.86872794	3.00E+00
-18.74698365	-21.67890718	3.00E+00
-16.62037122	-22.25124896	3.00E+00
-3.619078801	-14.01502809	3.00E+00
-22.58222635	-30.09296113	3.00E+00
-3.302135402	-21.10756458	3.00E+00
-14.47505683	-14.19409547	3.00E+00
-9.374357159	-9.819276392	3.00E+00
-2.813789858	-12.11508335	3.00E+00
-9.21215798	-11.59709864	3.00E+00
-2.491406043	-18.00015511	3.00E+00
-17.64084086	-14.36258939	3.00E+00
-13.1757856	-13.40063611	3.00E+00
-12.34668087	-32.04626579	3.00E+00
-18.53266053	-30.39732386	3.00E+00
-19.96170834	-14.58465617	3.00E+00
-0.968831473	-20.02047859	3.00E+00
-21.27390794	-26.4431805	3.00E+00
-10.76022512	-24.92702231	3.00E+00
-22.0545388	-17.01452109	3.00E+00
-13.06484706	-15.44710435	3.00E+00
-10.58584038	-17.42473135	3.00E+00
-11.07200507	-28.86982688	3.00E+00
-12.16595122	-11.29139042	3.00E+00
-21.15260587	-22.97323474	3.00E+00
-17.76970174	-16.27983972	3.00E+00
-3.043662221	-19.91088078	3.00E+00
-6.517978781	-19.60913687	3.00E+00
-7.337650332	-14.40513133	3.00E+00
-5.657659784	-23.11528655	3.00E+00
-21.98312853	-31.5690469	3.00E+00
-13.85005118	-20.9185419	3.00E+00
-19.34535669	-15.30913219	3.00E+00
-13.27032792	-22.89497609	3.00E+00
-10.30094946	-17.55083807	3.00E+00
-10.93990354	-29.63081744	3.00E+00
16.51507924	24.70449055	4.00E+00
12.91420162	18.29544746	4.00E+00
16.30798675	16.48979409	4.00E+00
20.15124008	15.20529373	4.00E+00
15.2124418	21.4995595	4.00E+00
8.554358919	24.54761933	4.00E+00
14.68393432	17.34399706	4.00E+00
17.7131716	21.34561557	4.00E+00
19.12202333	25.28013382	4.00E+00
17.6774849	27.26975625	4.00E+00
17.06983731	11.4696656	4.00E+00
13.96383399	25.6824297	4.00E+00
18.23897476	22.63551615	4.00E+00
10.94084648	21.44504866	4.00E+00
19.24650835	26.10402331	4.00E+00
8.290201586	16.26211368	4.00E+00
6.462467538	12.27318064	4.00E+00
13.35909388	12.97308076	4.00E+00
20.42456615	28.57260384	4.00E+00
3.073669933	13.90721505	4.00E+00
4.103849203	15.87504219	4.00E+00
9.289039585	0.443108908	4.00E+00
13.42913437	15.4115994	4.00E+00
20.94432102	26.01528541	4.00E+00
9.667216112	14.76073346	4.00E+00
17.05626469	15.80712053	4.00E+00
18.87853856	14.22895759	4.00E+00
12.60346047	13.72517447	4.00E+00
21.02178893	24.00031707	4.00E+00
7.662218963	12.98026087	4.00E+00
15.41611545	18.02849727	4.00E+00
-1.620472953	14.30875886	4.00E+00
14.51738351	24.21989661	4.00E+00
17.33063795	19.07219925	4.00E+00
14.46111529	21.6642842	4.00E+00
24.21013238	31.41636212	4.00E+00
24.09757987	15.55032882	4.00E+00
9.024531284	-0.023845737	4.00E+00
11.99797448	4.843475962	4.00E+00
12.93619603	17.00500064	4.00E+00
2.854296882	13.53976495	4.00E+00
23.38258035	31.17692806	4.00E+00
17.16055548	10.88976713	4.00E+00
15.8834868	21.46735819	4.00E+00
17.82203754	26.24430227	4.00E+00
13.31770278	25.80319874	4.00E+00
24.3430219	29.09640475	4.00E+00
2.011116133	13.02746695	4.00E+00
22.18266006	20.02355789	4.00E+00
5.47793871	12.04596232	4.00E+00
20.19393725	13.50548913	4.00E+00
3.176831283	3.837456198	4.00E+00
24.0039919	30.29419411	4.00E+00
16.21074939	15.13789373	4.00E+00
13.04863867	10.36404926	4.00E+00
0.723206375	6.711784653	4.00E+00
13.09861304	7.970622898	4.00E+00
9.407610659	14.08031097	4.00E+00
21.00616117	21.18074468	4.00E+00
16.62167824	27.28830557	4.00E+00
15.13292963	24.54372911	4.00E+00
18.93982768	23.7846701	4.00E+00
5.628877117	15.76459065	4.00E+00
20.9379062	27.8543927	4.00E+00
11.85911947	5.223682487	4.00E+00
14.07245859	11.90486103	4.00E+00
18.70352999	15.20073861	4.00E+00
-1.373358224	14.6348013	4.00E+00
10.85570757	18.04396929	4.00E+00
9.92189696	16.33185405	4.00E+00
26.54531814	9.002610263	4.00E+00
1.190881617	8.594939938	4.00E+00
15.49775884	19.89043584	4.00E+00
22.02458462	23.22091093	4.00E+00
12.52513476	4.14060525	4.00E+00
17.58004915	16.98946756	4.00E+00
15.32076701	12.38918131	4.00E+00
21.36586259	29.29059134	4.00E+00
20.37978765	25.72141252	4.00E+00
18.63219229	29.90351375	4.00E+00
21.93333916	8.534914348	4.00E+00
15.35324066	12.44516657	4.00E+00
10.64384373	14.39870667	4.00E+00
12.73927365	13.87468008	4.00E+00
4.384212372	9.507031555	4.00E+00
17.30622664	29.81444918	4.00E+00
12.37197902	15.80782263	4.00E+00
12.54544797	22.41642913	4.00E+00
17.59239372	12.35723418	4.00E+00
23.71869093	27.00772084	4.00E+00
23.37730075	26.64657141	4.00E+00
20.88778001	19.41080942	4.00E+00
17.08159432	23.32980642	4.00E+00
16.23290263	29.46604977	4.00E+00
0.390170477	9.077134316	4.00E+00
2.222284001	9.97764057	4.00E+00
23.43416056	16.42218895	4.00E+00
18.76968689	27.25496295	4.00E+00
26.75158769	11.38898905	4.00E+00
22.69287484	30.2251587	4.00E+00